EX11
[[1, 1, 6, 14, 1], [2, 1, 29, 45, 2], [4, 1, 65, 77, 3], [1, 2, 22, 42, 1], [3, 2, 50, 60, 2], [2, 2, 66, 84, 3], [3, 3, 32, 44, 1], [4, 3, 56, 64, 2], [1, 3, 75, 90, 3], [4, 4, 18, 32, 1], [2, 4, 46, 64, 2], [3, 5, 8, 18, 1], [1, 5, 42, 57, 2]]
-
EX21
[[1, 1, 6, 16, 1], [4, 1, 54, 72, 2], [2, 2, 9, 19, 1], [4, 2, 32, 50, 2], [1, 3, 49, 59, 1], [3, 3, 74, 94, 2], [2, 4, 24, 34, 1], [3, 4, 42, 57, 2], [4, 4, 72, 84, 3], [1, 5, 39, 49, 1], [2, 5, 61, 76, 2], [4, 5, 87, 99, 3], [1, 6, 18, 28, 1], [2, 6, 36, 51, 2], [3, 6, 62, 74, 3]]
-
EX31
[[1, 1, 40, 56, 1], [3, 1, 76, 91, 2], [2, 2, 32, 50, 1], [4, 2, 58, 73, 2], [1, 3, 18, 38, 1], [2, 3, 50, 60, 2], [3, 4, 61, 76, 1], [4, 4, 90, 100, 2], [1, 5, 6, 14, 1], [2, 5, 20, 30, 2], [3, 5, 41, 56, 3], [4, 5, 73, 90, 4], [2, 6, 8, 18, 1], [3, 6, 26, 41, 2], [4, 6, 47, 55, 3], [1, 6, 68, 83, 4]]
-
EX41
[[4, 1, 18, 29, 1], [1, 1, 42, 52, 2], [2, 1, 68, 75, 3], [3, 2, 32, 44, 1], [2, 2, 55, 65, 2], [4, 2, 76, 84, 3], [2, 3, 24, 31, 1], [3, 3, 44, 54, 2], [1, 3, 62, 71, 3], [3, 3, 81, 89, 4], [2, 4, 8, 15, 1], [4, 4, 32, 40, 2], [1, 4, 73, 85, 3], [2, 4, 96, 102, 4], [1, 5, 6, 15, 1], [2, 5, 48, 55, 2], [4, 5, 63, 71, 3], [2, 5, 84, 94, 4], [3, 5, 102, 110, 5]]
-
EX51
[[1, 1, 24, 30, 1], [2, 1, 36, 48, 2], [4, 1, 58, 67, 3], [1, 2, 6, 24, 1], [3, 2, 32, 38, 2], [2, 2, 50, 65, 3], [3, 3, 21, 30, 1], [4, 3, 38, 41, 2], [1, 3, 60, 72, 3], [4, 4, 50, 56, 1], [2, 4, 66, 81, 2], [3, 5, 8, 11, 1], [1, 5, 46, 55, 2]]
-
EX61
[[1, 1, 38, 47, 1], [2, 1, 64, 75, 2], [4, 1, 99, 106, 3], [1, 2, 18, 37, 1], [2, 2, 44, 64, 2], [4, 2, 73, 86, 3], [2, 3, 8, 22, 1], [3, 3, 38, 58, 2], [4, 3, 64, 73, 3], [2, 4, 24, 38, 1], [3, 4, 58, 78, 2], [4, 4, 90, 99, 3], [1, 5, 56, 67, 1], [3, 5, 84, 100, 2], [4, 5, 107, 115, 3], [1, 6, 6, 16, 1], [3, 6, 26, 38, 2], [4, 6, 44, 54, 3]]
-
EX71
[[1, 1, 85, 91, 1], [4, 1, 105, 111, 2], [2, 2, 64, 75, 1], [4, 2, 86, 95, 2], [2, 3, 8, 17, 1], [4, 3, 38, 45, 2], [3, 4, 24, 40, 1], [4, 4, 50, 57, 2], [1, 5, 73, 82, 1], [3, 5, 93, 111, 2], [2, 6, 47, 60, 1], [3, 6, 73, 92, 2], [4, 6, 99, 105, 3], [1, 7, 6, 16, 1], [2, 7, 24, 33, 2], [3, 7, 44, 57, 3], [1, 8, 18, 29, 1], [2, 8, 38, 47, 2], [4, 8, 61, 69, 3]]
-
EX81
[[2, 1, 79, 91, 1], [3, 1, 107, 128, 2], [4, 1, 135, 146, 3], [2, 2, 8, 20, 1], [3, 2, 26, 47, 2], [4, 2, 124, 135, 3], [2, 3, 67, 79, 1], [3, 3, 86, 107, 2], [4, 3, 113, 124, 3], [2, 4, 36, 48, 1], [3, 4, 65, 86, 2], [4, 4, 100, 111, 3], [1, 5, 36, 46, 1], [2, 5, 52, 66, 2], [3, 5, 128, 146, 3], [4, 5, 152, 161, 4], [1, 6, 6, 16, 1], [2, 6, 22, 36, 2], [3, 6, 47, 65, 3], [4, 6, 91, 100, 4]]
-
EX91
[[3, 1, 24, 33, 1], [1, 1, 48, 60, 2], [2, 1, 69, 78, 3], [4, 1, 97, 103, 4], [3, 2, 36, 52, 1], [2, 2, 58, 69, 2], [4, 2, 77, 86, 3], [1, 3, 7, 28, 1], [2, 3, 40, 58, 2], [4, 3, 70, 77, 3], [2, 4, 20, 40, 1], [3, 4, 52, 74, 2], [4, 4, 86, 97, 3], [3, 5, 8, 22, 1], [1, 5, 32, 48, 2], [2, 5, 78, 91, 3], [4, 5, 103, 112, 4]]
-
EX101
[[1, 1, 22, 33, 1], [3, 1, 50, 69, 2], [2, 1, 92, 108, 3], [4, 1, 118, 131, 4], [2, 2, 47, 68, 1], [3, 2, 81, 97, 2], [4, 2, 104, 118, 3], [3, 3, 21, 29, 1], [2, 3, 36, 46, 2], [1, 3, 56, 70, 3], [4, 3, 80, 89, 4], [2, 4, 71, 84, 1], [3, 4, 101, 121, 2], [4, 4, 131, 141, 3], [1, 5, 8, 17, 1], [3, 5, 30, 46, 2], [4, 5, 62, 80, 3], [2, 6, 8, 27, 1], [1, 6, 33, 54, 2], [3, 6, 69, 80, 3], [4, 6, 89, 104, 4]]
-
EX12
[[1, 1, 4, 12, 1], [2, 1, 14, 30, 2], [4, 1, 36, 48, 3], [1, 2, 12, 32, 1], [3, 2, 36, 46, 2], [2, 2, 48, 66, 3], [3, 3, 14, 26, 1], [4, 3, 28, 36, 2], [1, 3, 38, 53, 3], [4, 4, 4, 18, 1], [2, 4, 30, 48, 2], [3, 5, 26, 36, 1], [1, 5, 53, 68, 2]]
-
EX22
[[1, 1, 4, 14, 1], [4, 1, 16, 34, 2], [2, 2, 18, 28, 1], [4, 2, 34, 52, 2], [1, 3, 24, 34, 1], [3, 3, 43, 63, 2], [2, 4, 6, 16, 1], [3, 4, 28, 43, 2], [4, 4, 52, 64, 3], [1, 5, 14, 24, 1], [2, 5, 30, 45, 2], [4, 5, 64, 76, 3], [1, 6, 34, 44, 1], [2, 6, 46, 61, 2], [3, 6, 63, 75, 3]]
-
EX32
[[1, 1, 44, 60, 1], [3, 1, 64, 79, 2], [2, 2, 18, 36, 1], [4, 2, 50, 65, 2], [1, 3, 24, 44, 1], [2, 3, 54, 64, 2], [3, 4, 7, 22, 1], [4, 4, 32, 42, 2], [1, 5, 16, 24, 1], [2, 5, 36, 46, 2], [3, 5, 48, 63, 3], [4, 5, 66, 83, 4], [2, 6, 6, 16, 1], [3, 6, 22, 37, 2], [4, 6, 42, 50, 3], [1, 6, 60, 75, 4]]
-
EX42
[[4, 1, 4, 15, 1], [1, 1, 21, 31, 2], [2, 1, 36, 43, 3], [3, 2, 29, 41, 1], [2, 2, 43, 53, 2], [4, 2, 57, 65, 3], [2, 3, 6, 13, 1], [3, 3, 15, 25, 2], [1, 3, 33, 42, 3], [3, 3, 47, 55, 4], [2, 4, 22, 29, 1], [4, 4, 33, 41, 2], [1, 4, 43, 55, 3], [2, 4, 63, 69, 4], [1, 5, 12, 21, 1], [2, 5, 29, 36, 2], [4, 5, 41, 49, 3], [2, 5, 53, 63, 4], [3, 5, 65, 73, 5]]
-
EX52
[[1, 1, 4, 10, 1], [2, 1, 14, 26, 2], [4, 1, 36, 45, 3], [1, 2, 12, 30, 1], [3, 2, 34, 40, 2], [2, 2, 42, 57, 3], [3, 3, 6, 15, 1], [4, 3, 22, 25, 2], [1, 3, 30, 42, 3], [4, 4, 16, 22, 1], [2, 4, 26, 41, 2], [3, 5, 26, 29, 1], [1, 5, 42, 51, 2]]
-
EX62
[[1, 1, 44, 53, 1], [2, 1, 56, 67, 2], [4, 1, 74, 81, 3], [1, 2, 14, 33, 1], [2, 2, 35, 55, 2], [4, 2, 61, 74, 3], [2, 3, 20, 34, 1], [3, 3, 66, 86, 2], [4, 3, 89, 98, 3], [2, 4, 6, 20, 1], [3, 4, 30, 50, 2], [4, 4, 52, 61, 3], [1, 5, 33, 44, 1], [3, 5, 50, 66, 2], [4, 5, 81, 89, 3], [1, 6, 4, 14, 1], [3, 6, 18, 30, 2], [4, 6, 34, 44, 3]]
-
EX72
[[1, 1, 51, 57, 1], [4, 1, 63, 69, 2], [2, 2, 37, 48, 1], [4, 2, 54, 63, 2], [2, 3, 19, 28, 1], [4, 3, 32, 39, 2], [3, 4, 6, 22, 1], [4, 4, 24, 31, 2], [1, 5, 27, 36, 1], [3, 5, 58, 76, 2], [2, 6, 6, 19, 1], [3, 6, 22, 41, 2], [4, 6, 43, 49, 3], [1, 7, 16, 26, 1], [2, 7, 28, 37, 2], [3, 7, 41, 54, 3], [1, 8, 40, 51, 1], [2, 8, 53, 62, 2], [4, 8, 70, 78, 3]]
-
EX82
[[2, 1, 81, 93, 1], [3, 1, 101, 122, 2], [4, 1, 125, 136, 3], [2, 2, 6, 18, 1], [3, 2, 20, 41, 2], [4, 2, 114, 125, 3], [2, 3, 58, 70, 1], [3, 3, 80, 101, 2], [4, 3, 103, 114, 3], [2, 4, 32, 44, 1], [3, 4, 59, 80, 2], [4, 4, 82, 93, 3], [1, 5, 14, 24, 1], [2, 5, 44, 58, 2], [3, 5, 122, 140, 3], [4, 5, 142, 151, 4], [1, 6, 4, 14, 1], [2, 6, 18, 32, 2], [3, 6, 41, 59, 3], [4, 6, 62, 71, 4]]
-
EX92
[[3, 1, 36, 45, 1], [1, 1, 56, 68, 2], [2, 1, 73, 82, 3], [4, 1, 89, 95, 4], [3, 2, 6, 22, 1], [2, 2, 28, 39, 2], [4, 2, 46, 55, 3], [1, 3, 16, 37, 1], [2, 3, 39, 57, 2], [4, 3, 61, 68, 3], [2, 4, 6, 26, 1], [3, 4, 45, 67, 2], [4, 4, 69, 80, 3], [3, 5, 22, 36, 1], [1, 5, 40, 56, 2], [2, 5, 58, 71, 3], [4, 5, 80, 89, 4]]
-
EX102
[[1, 1, 16, 27, 1], [3, 1, 38, 57, 2], [2, 1, 60, 76, 3], [4, 1, 88, 101, 4], [2, 2, 39, 60, 1], [3, 2, 70, 86, 2], [4, 2, 101, 115, 3], [3, 3, 14, 22, 1], [2, 3, 25, 35, 2], [1, 3, 48, 62, 3], [4, 3, 64, 73, 4], [2, 4, 76, 89, 1], [3, 4, 91, 111, 2], [4, 4, 115, 125, 3], [1, 5, 4, 13, 1], [3, 5, 22, 38, 2], [4, 5, 40, 58, 3], [2, 6, 6, 25, 1], [1, 6, 27, 48, 2], [3, 6, 57, 68, 3], [4, 6, 73, 88, 4]]
-
EX13
[[1, 1, 2, 10, 1], [2, 1, 12, 28, 2], [4, 1, 48, 60, 3], [1, 2, 10, 30, 1], [3, 2, 36, 46, 2], [2, 2, 52, 70, 3], [3, 3, 18, 30, 1], [4, 3, 32, 40, 2], [1, 3, 55, 70, 3], [4, 4, 2, 16, 1], [2, 4, 28, 46, 2], [3, 5, 8, 18, 1], [1, 5, 40, 55, 2]]
-
EX23
[[1, 1, 2, 12, 1], [4, 1, 17, 35, 2], [2, 2, 18, 28, 1], [4, 2, 35, 53, 2], [1, 3, 22, 32, 1], [3, 3, 41, 61, 2], [2, 4, 8, 18, 1], [3, 4, 26, 41, 2], [4, 4, 53, 65, 3], [1, 5, 32, 42, 1], [2, 5, 44, 59, 2], [4, 5, 65, 77, 3], [1, 6, 12, 22, 1], [2, 6, 28, 43, 2], [3, 6, 61, 73, 3]]
-
EX33
[[1, 1, 14, 30, 1], [3, 1, 58, 73, 2], [2, 2, 24, 42, 1], [4, 2, 48, 63, 2], [1, 3, 32, 52, 1], [2, 3, 55, 65, 2], [3, 4, 8, 23, 1], [4, 4, 28, 38, 2], [1, 5, 2, 10, 1], [2, 5, 14, 24, 2], [3, 5, 38, 53, 3], [4, 5, 63, 80, 4], [2, 6, 4, 14, 1], [3, 6, 23, 38, 2], [4, 6, 40, 48, 3], [1, 6, 57, 72, 4]]
-
EX43
[[4, 1, 2, 13, 1], [1, 1, 17, 27, 2], [2, 1, 40, 47, 3], [3, 2, 8, 20, 1], [2, 2, 30, 40, 2], [4, 2, 49, 57, 3], [2, 3, 8, 15, 1], [3, 3, 21, 31, 2], [1, 3, 37, 46, 3], [3, 3, 55, 63, 4], [2, 4, 23, 30, 1], [4, 4, 37, 45, 2], [1, 4, 49, 61, 3], [2, 4, 63, 69, 4], [1, 5, 2, 11, 1], [2, 5, 15, 22, 2], [4, 5, 29, 37, 3], [2, 5, 47, 57, 4], [3, 5, 63, 71, 5]]
-
EX53
[[1, 1, 20, 26, 1], [2, 1, 29, 41, 2], [4, 1, 47, 56, 3], [1, 2, 2, 20, 1], [3, 2, 26, 32, 2], [2, 2, 41, 56, 3], [3, 3, 8, 17, 1], [4, 3, 19, 22, 2], [1, 3, 41, 53, 3], [4, 4, 2, 8, 1], [2, 4, 14, 29, 2], [3, 5, 17, 20, 1], [1, 5, 32, 41, 2]]
-
EX63
[[1, 1, 31, 40, 1], [2, 1, 53, 64, 2], [4, 1, 74, 81, 3], [1, 2, 12, 31, 1], [2, 2, 33, 53, 2], [4, 2, 61, 74, 3], [2, 3, 18, 32, 1], [3, 3, 50, 70, 2], [4, 3, 81, 90, 3], [2, 4, 4, 18, 1], [3, 4, 30, 50, 2], [4, 4, 52, 61, 3], [1, 5, 40, 51, 1], [3, 5, 70, 86, 2], [4, 5, 90, 98, 3], [1, 6, 2, 12, 1], [3, 6, 18, 30, 2], [4, 6, 41, 51, 3]]
-
EX73
[[1, 1, 11, 17, 1], [4, 1, 26, 32, 2], [2, 2, 21, 32, 1], [4, 2, 41, 50, 2], [2, 3, 50, 59, 1], [4, 3, 65, 72, 2], [3, 4, 4, 20, 1], [4, 4, 34, 41, 2], [1, 5, 2, 11, 1], [3, 5, 20, 38, 2], [2, 6, 8, 21, 1], [3, 6, 38, 57, 2], [4, 6, 59, 65, 3], [1, 7, 28, 38, 1], [2, 7, 41, 50, 2], [3, 7, 57, 70, 3], [1, 8, 17, 28, 1], [2, 8, 32, 41, 2], [4, 8, 50, 58, 3]]
-
EX83
[[2, 1, 62, 74, 1], [3, 1, 82, 103, 2], [4, 1, 105, 116, 3], [2, 2, 4, 16, 1], [3, 2, 22, 43, 2], [4, 2, 45, 56, 3], [2, 3, 82, 94, 1], [3, 3, 103, 124, 2], [4, 3, 126, 137, 3], [2, 4, 16, 28, 1], [3, 4, 43, 64, 2], [4, 4, 76, 87, 3], [1, 5, 68, 78, 1], [2, 5, 94, 108, 2], [3, 5, 124, 142, 3], [4, 5, 144, 153, 4], [1, 6, 10, 20, 1], [2, 6, 30, 44, 2], [3, 6, 64, 82, 3], [4, 6, 116, 125, 4]]
-
EX93
[[3, 1, 34, 43, 1], [1, 1, 56, 68, 2], [2, 1, 71, 80, 3], [4, 1, 88, 94, 4], [3, 2, 4, 20, 1], [2, 2, 26, 37, 2], [4, 2, 43, 52, 3], [1, 3, 10, 31, 1], [2, 3, 37, 55, 2], [4, 3, 61, 68, 3], [2, 4, 4, 24, 1], [3, 4, 43, 65, 2], [4, 4, 68, 79, 3], [3, 5, 20, 34, 1], [1, 5, 40, 56, 2], [2, 5, 58, 71, 3], [4, 5, 79, 88, 4]]
-
EX103
[[1, 1, 11, 22, 1], [3, 1, 40, 59, 2], [2, 1, 75, 91, 3], [4, 1, 102, 115, 4], [2, 2, 41, 62, 1], [3, 2, 70, 86, 2], [4, 2, 88, 102, 3], [3, 3, 8, 16, 1], [2, 3, 31, 41, 2], [1, 3, 46, 60, 3], [4, 3, 64, 73, 4], [2, 4, 62, 75, 1], [3, 4, 86, 106, 2], [4, 4, 115, 125, 3], [1, 5, 2, 11, 1], [3, 5, 24, 40, 2], [4, 5, 42, 60, 3], [2, 6, 4, 23, 1], [1, 6, 25, 46, 2], [3, 6, 59, 70, 3], [4, 6, 73, 88, 4]]
-
EX14
[[1, 1, 4, 12, 1], [2, 1, 20, 36, 2], [4, 1, 66, 78, 3], [1, 2, 12, 32, 1], [3, 2, 38, 48, 2], [2, 2, 56, 74, 3], [3, 3, 26, 38, 1], [4, 3, 44, 52, 2], [1, 3, 62, 77, 3], [4, 4, 52, 66, 1], [2, 4, 74, 92, 2], [3, 5, 10, 20, 1], [1, 5, 32, 47, 2]]
-
EX24
[[1, 1, 4, 14, 1], [4, 1, 44, 62, 2], [2, 2, 8, 18, 1], [4, 2, 24, 42, 2], [1, 3, 62, 72, 1], [3, 3, 86, 106, 2], [2, 4, 18, 28, 1], [3, 4, 40, 55, 2], [4, 4, 62, 74, 3], [1, 5, 30, 40, 1], [2, 5, 50, 65, 2], [4, 5, 74, 86, 3], [1, 6, 20, 30, 1], [2, 6, 34, 49, 2], [3, 6, 56, 68, 3]]
-
EX34
[[1, 1, 20, 36, 1], [3, 1, 72, 87, 2], [2, 2, 8, 26, 1], [4, 2, 32, 47, 2], [1, 3, 65, 85, 1], [2, 3, 92, 102, 2], [3, 4, 26, 41, 1], [4, 4, 47, 57, 2], [1, 5, 12, 20, 1], [2, 5, 36, 46, 2], [3, 5, 57, 72, 3], [4, 5, 78, 95, 4], [2, 6, 26, 36, 1], [3, 6, 42, 57, 2], [4, 6, 63, 71, 3], [1, 6, 88, 103, 4]]
-
EX44
[[4, 1, 67, 78, 1], [1, 1, 89, 99, 2], [2, 1, 111, 118, 3], [3, 2, 10, 22, 1], [2, 2, 38, 48, 2], [4, 2, 57, 65, 3], [2, 3, 16, 23, 1], [3, 3, 30, 40, 2], [1, 3, 49, 58, 3], [3, 3, 73, 81, 4], [2, 4, 31, 38, 1], [4, 4, 45, 53, 2], [1, 4, 67, 79, 3], [2, 4, 89, 95, 4], [1, 5, 4, 13, 1], [2, 5, 24, 31, 2], [4, 5, 37, 45, 3], [2, 5, 51, 61, 4], [3, 5, 95, 103, 5]]
-
EX54
[[1, 1, 4, 10, 1], [2, 1, 20, 32, 2], [4, 1, 60, 69, 3], [1, 2, 13, 31, 1], [3, 2, 38, 44, 2], [2, 2, 54, 69, 3], [3, 3, 26, 35, 1], [4, 3, 44, 47, 2], [1, 3, 70, 82, 3], [4, 4, 47, 53, 1], [2, 4, 69, 84, 2], [3, 5, 10, 13, 1], [1, 5, 32, 41, 2]]
-
EX64
[[1, 1, 14, 23, 1], [2, 1, 27, 38, 2], [4, 1, 51, 58, 3], [1, 2, 24, 43, 1], [2, 2, 52, 72, 2], [4, 2, 79, 92, 3], [2, 3, 8, 22, 1], [3, 3, 33, 53, 2], [4, 3, 65, 74, 3], [2, 4, 38, 52, 1], [3, 4, 58, 78, 2], [4, 4, 94, 103, 3], [1, 5, 69, 80, 1], [3, 5, 88, 104, 2], [4, 5, 110, 118, 3], [1, 6, 4, 14, 1], [3, 6, 21, 33, 2], [4, 6, 39, 49, 3]]
-
EX74
[[1, 1, 14, 20, 1], [4, 1, 42, 48, 2], [2, 2, 78, 89, 1], [4, 2, 98, 107, 2], [2, 3, 8, 17, 1], [4, 3, 30, 37, 2], [3, 4, 26, 42, 1], [4, 4, 56, 63, 2], [1, 5, 88, 97, 1], [3, 5, 115, 133, 2], [2, 6, 64, 77, 1], [3, 6, 84, 103, 2], [4, 6, 110, 116, 3], [1, 7, 4, 14, 1], [2, 7, 24, 33, 2], [3, 7, 67, 80, 3], [1, 8, 21, 32, 1], [2, 8, 44, 53, 2], [4, 8, 70, 78, 3]]
-
EX84
[[2, 1, 58, 70, 1], [3, 1, 86, 107, 2], [4, 1, 122, 133, 3], [2, 2, 46, 58, 1], [3, 2, 107, 128, 2], [4, 2, 134, 145, 3], [2, 3, 8, 20, 1], [3, 3, 26, 47, 2], [4, 3, 53, 64, 3], [2, 4, 34, 46, 1], [3, 4, 65, 86, 2], [4, 4, 92, 103, 3], [1, 5, 46, 56, 1], [2, 5, 75, 89, 2], [3, 5, 128, 146, 3], [4, 5, 152, 161, 4], [1, 6, 4, 14, 1], [2, 6, 20, 34, 2], [3, 6, 47, 65, 3], [4, 6, 71, 80, 4]]
-
EX94
[[3, 1, 30, 39, 1], [1, 1, 45, 57, 2], [2, 1, 65, 74, 3], [4, 1, 94, 100, 4], [3, 2, 10, 26, 1], [2, 2, 36, 47, 2], [4, 2, 55, 64, 3], [1, 3, 20, 41, 1], [2, 3, 47, 65, 2], [4, 3, 71, 78, 3], [2, 4, 8, 28, 1], [3, 4, 53, 75, 2], [4, 4, 83, 94, 3], [3, 5, 39, 53, 1], [1, 5, 59, 75, 2], [2, 5, 86, 99, 3], [4, 5, 111, 120, 4]]
-
EX104
[[1, 1, 21, 32, 1], [3, 1, 42, 61, 2], [2, 1, 77, 93, 3], [4, 1, 105, 118, 4], [2, 2, 10, 31, 1], [3, 2, 61, 77, 2], [4, 2, 87, 101, 3], [3, 3, 18, 26, 1], [2, 3, 33, 43, 2], [1, 3, 47, 61, 3], [4, 3, 73, 82, 4], [2, 4, 62, 75, 1], [3, 4, 81, 101, 2], [4, 4, 120, 130, 3], [1, 5, 4, 13, 1], [3, 5, 26, 42, 2], [4, 5, 55, 73, 3], [2, 6, 43, 62, 1], [1, 6, 71, 92, 2], [3, 6, 111, 122, 3], [4, 6, 131, 146, 4]]
-
