EX11
[[1, 1, 0, 6, 1], [2, 1, 22, 28, 2], [1, 1, 46, 54, 3], [1, 1, 80, 86, 99], [2, 2, 16, 22, 1], [2, 2, 42, 50, 2], [1, 2, 60, 66, 3], [2, 2, 88, 96, 99], [1, 3, 24, 32, 1], [2, 3, 50, 56, 2], [2, 3, 64, 74, 3], [1, 3, 92, 98, 99], [1, 4, 12, 18, 1], [1, 4, 38, 46, 2], [1, 4, 66, 74, 99], [2, 5, 0, 8, 1], [2, 5, 34, 42, 2], [2, 5, 74, 80, 99]]
-
EX21
[[2, 1, 0, 6, 1], [1, 1, 44, 54, 2], [1, 1, 88, 94, 99], [1, 2, 0, 8, 1], [1, 2, 24, 32, 2], [1, 2, 54, 60, 99], [1, 3, 38, 44, 1], [1, 3, 66, 74, 2], [2, 3, 98, 106, 99], [1, 4, 16, 24, 1], [2, 4, 36, 42, 2], [2, 4, 62, 68, 3], [2, 4, 84, 90, 99], [2, 5, 24, 30, 1], [2, 5, 50, 56, 2], [2, 5, 76, 84, 3], [1, 5, 100, 106, 99], [2, 6, 12, 18, 1], [2, 6, 30, 36, 2], [2, 6, 56, 62, 3], [1, 6, 74, 82, 99]]
-
EX31
[[2, 1, 34, 40, 1], [2, 1, 68, 76, 2], [1, 1, 91, 99, 99], [1, 2, 24, 32, 1], [2, 2, 50, 58, 2], [2, 2, 82, 88, 99], [1, 3, 12, 18, 1], [2, 3, 40, 46, 2], [1, 3, 75, 83, 99], [1, 4, 53, 61, 1], [2, 4, 76, 82, 2], [1, 4, 105, 111, 99], [1, 5, 0, 6, 1], [2, 5, 14, 20, 2], [1, 5, 32, 38, 3], [1, 5, 61, 67, 4], [2, 5, 94, 100, 99], [2, 6, 0, 8, 1], [2, 6, 20, 26, 2], [1, 6, 41, 47, 3], [2, 6, 58, 68, 4], [2, 6, 106, 112, 99]]
-
EX41
[[2, 1, 12, 18, 1], [1, 1, 32, 42, 2], [1, 1, 62, 68, 3], [1, 1, 87, 95, 99], [2, 2, 24, 32, 1], [2, 2, 44, 50, 2], [1, 2, 68, 76, 3], [1, 2, 101, 107, 99], [1, 3, 16, 24, 1], [2, 3, 38, 44, 2], [1, 3, 54, 62, 3], [2, 3, 73, 81, 4], [2, 3, 101, 109, 99], [1, 4, 0, 8, 1], [1, 4, 24, 32, 2], [2, 4, 63, 73, 3], [2, 4, 89, 95, 4], [1, 4, 115, 123, 99], [2, 5, 0, 6, 1], [1, 5, 42, 48, 2], [2, 5, 55, 63, 3], [1, 5, 76, 84, 4], [2, 5, 95, 101, 5], [2, 5, 117, 125, 99]]
-
EX51
[[1, 1, 16, 22, 1], [2, 1, 30, 36, 2], [1, 1, 50, 58, 3], [2, 1, 72, 78, 99], [2, 2, 0, 6, 1], [1, 2, 24, 32, 2], [1, 2, 44, 50, 3], [1, 2, 66, 74, 99], [2, 3, 12, 20, 1], [1, 3, 32, 38, 2], [2, 3, 50, 60, 3], [2, 3, 84, 90, 99], [2, 4, 44, 50, 1], [1, 4, 58, 66, 2], [1, 4, 82, 90, 99], [1, 5, 0, 8, 1], [2, 5, 20, 28, 2], [2, 5, 60, 66, 99]]
-
EX61
[[1, 1, 32, 38, 1], [2, 1, 56, 62, 2], [2, 1, 87, 95, 3], [2, 1, 107, 113, 99], [2, 2, 12, 18, 1], [1, 2, 38, 44, 2], [2, 2, 64, 72, 3], [1, 2, 90, 96, 99], [1, 3, 0, 8, 1], [2, 3, 32, 38, 2], [1, 3, 58, 64, 3], [2, 3, 73, 79, 99], [1, 4, 16, 24, 1], [1, 4, 44, 50, 2], [1, 4, 84, 90, 3], [1, 4, 102, 108, 99], [2, 5, 50, 56, 1], [1, 5, 76, 84, 2], [2, 5, 101, 107, 3], [1, 5, 115, 121, 99], [2, 6, 0, 6, 1], [2, 6, 18, 26, 2], [2, 6, 38, 44, 3], [1, 6, 64, 70, 99]]
-
EX71
[[2, 1, 79, 85, 1], [1, 1, 95, 105, 2], [1, 1, 117, 123, 99], [2, 2, 56, 64, 1], [1, 2, 75, 83, 2], [2, 2, 99, 105, 99], [2, 3, 0, 8, 1], [1, 3, 24, 32, 2], [2, 3, 50, 56, 99], [2, 4, 16, 24, 1], [2, 4, 44, 50, 2], [1, 4, 57, 63, 99], [1, 5, 63, 69, 1], [2, 5, 85, 93, 2], [2, 5, 113, 121, 99], [1, 6, 38, 46, 1], [2, 6, 65, 71, 2], [2, 6, 93, 99, 3], [1, 6, 105, 111, 99], [1, 7, 0, 6, 1], [1, 7, 18, 24, 2], [2, 7, 38, 44, 3], [2, 7, 71, 79, 99], [1, 8, 12, 18, 1], [2, 8, 32, 38, 2], [1, 8, 47, 55, 3], [1, 8, 83, 89, 99]]
-
EX81
[[2, 1, 66, 74, 1], [1, 1, 99, 105, 2], [1, 1, 128, 134, 3], [2, 1, 148, 154, 99], [2, 2, 0, 8, 1], [1, 2, 20, 26, 2], [1, 2, 47, 53, 3], [2, 2, 160, 166, 99], [1, 3, 59, 67, 1], [1, 3, 79, 85, 2], [1, 3, 107, 113, 3], [2, 3, 124, 130, 99], [1, 4, 12, 20, 1], [2, 4, 52, 58, 2], [2, 4, 86, 92, 3], [1, 4, 113, 119, 99], [2, 5, 30, 36, 1], [2, 5, 46, 52, 2], [1, 5, 67, 73, 3], [1, 5, 146, 152, 4], [1, 5, 161, 167, 99], [1, 6, 0, 6, 1], [2, 6, 16, 22, 2], [1, 6, 36, 42, 3], [1, 6, 85, 91, 4], [2, 6, 136, 142, 99]]
-
EX91
[[2, 1, 16, 24, 1], [1, 1, 36, 44, 2], [1, 1, 60, 66, 3], [2, 1, 89, 97, 4], [2, 1, 109, 115, 99], [1, 2, 28, 36, 1], [2, 2, 52, 58, 2], [1, 2, 69, 77, 3], [1, 2, 100, 106, 99], [1, 3, 0, 6, 1], [2, 3, 33, 39, 2], [2, 3, 61, 69, 3], [1, 3, 77, 83, 99], [1, 4, 12, 20, 1], [2, 4, 41, 47, 2], [2, 4, 75, 81, 3], [2, 4, 97, 103, 99], [2, 5, 0, 8, 1], [2, 5, 24, 32, 2], [1, 5, 48, 54, 3], [1, 5, 91, 99, 4], [1, 5, 112, 118, 99]]
-
EX101
[[1, 1, 16, 22, 1], [1, 1, 42, 50, 2], [2, 1, 86, 92, 3], [1, 1, 109, 117, 4], [1, 1, 141, 147, 99], [2, 2, 39, 47, 1], [1, 2, 73, 79, 2], [2, 2, 98, 104, 3], [1, 2, 129, 135, 99], [2, 3, 12, 20, 1], [1, 3, 30, 36, 2], [2, 3, 47, 53, 3], [2, 3, 70, 80, 4], [1, 3, 117, 123, 99], [1, 4, 62, 70, 1], [1, 4, 94, 100, 2], [2, 4, 121, 127, 3], [2, 4, 141, 147, 99], [2, 5, 0, 6, 1], [1, 5, 22, 30, 2], [1, 5, 50, 56, 3], [2, 5, 104, 110, 99], [1, 6, 0, 8, 1], [2, 6, 27, 33, 2], [2, 6, 54, 62, 3], [1, 6, 80, 86, 4], [2, 6, 127, 133, 99]]
-
EX12
[[1, 1, 0, 4, 1], [1, 1, 12, 14, 2], [2, 1, 32, 36, 3], [2, 1, 58, 62, 99], [1, 2, 8, 12, 1], [1, 2, 32, 36, 2], [2, 2, 46, 48, 3], [1, 2, 66, 72, 99], [2, 3, 8, 14, 1], [2, 3, 26, 28, 2], [2, 3, 36, 38, 3], [1, 3, 53, 57, 99], [2, 4, 0, 4, 1], [2, 4, 18, 22, 2], [2, 4, 48, 54, 99], [1, 5, 20, 26, 1], [1, 5, 36, 40, 2], [2, 5, 68, 72, 99]]
-
EX22
[[2, 1, 0, 4, 1], [2, 1, 14, 16, 2], [1, 1, 34, 38, 99], [1, 2, 12, 18, 1], [1, 2, 30, 34, 2], [2, 2, 52, 56, 99], [2, 3, 20, 24, 1], [2, 3, 34, 38, 2], [1, 3, 63, 69, 99], [1, 4, 0, 6, 1], [2, 4, 26, 28, 2], [1, 4, 44, 46, 3], [2, 4, 64, 68, 99], [2, 5, 8, 12, 1], [1, 5, 28, 30, 2], [1, 5, 50, 54, 3], [2, 5, 76, 80, 99], [1, 6, 24, 28, 1], [2, 6, 44, 46, 2], [1, 6, 61, 63, 3], [1, 6, 75, 81, 99]]
-
EX32
[[2, 1, 26, 30, 1], [2, 1, 60, 64, 2], [2, 1, 79, 85, 99], [2, 2, 12, 18, 1], [1, 2, 36, 40, 2], [2, 2, 66, 70, 99], [1, 3, 20, 24, 1], [1, 3, 52, 54, 2], [1, 3, 64, 70, 99], [1, 4, 0, 6, 1], [1, 4, 30, 32, 2], [2, 4, 48, 52, 99], [1, 5, 12, 16, 1], [1, 5, 25, 27, 2], [1, 5, 46, 48, 3], [2, 5, 64, 66, 4], [1, 5, 83, 87, 99], [2, 6, 0, 6, 1], [2, 6, 18, 20, 2], [2, 6, 37, 39, 3], [1, 6, 58, 60, 4], [1, 6, 75, 79, 99]]
-
EX42
[[1, 1, 0, 4, 1], [2, 1, 17, 19, 2], [2, 1, 33, 35, 3], [2, 1, 43, 49, 99], [2, 2, 23, 29, 1], [2, 2, 41, 43, 2], [1, 2, 53, 57, 3], [2, 2, 65, 69, 99], [2, 3, 0, 6, 1], [2, 3, 13, 15, 2], [2, 3, 29, 33, 3], [1, 3, 43, 47, 4], [2, 3, 55, 61, 99], [1, 4, 16, 22, 1], [1, 4, 29, 33, 2], [1, 4, 41, 43, 3], [1, 4, 59, 61, 4], [1, 4, 69, 75, 99], [1, 5, 8, 12, 1], [1, 5, 24, 26, 2], [1, 5, 37, 41, 3], [1, 5, 49, 53, 4], [1, 5, 63, 65, 5], [2, 5, 75, 81, 99]]
-
EX52
[[2, 1, 0, 4, 1], [2, 1, 12, 14, 2], [2, 1, 32, 36, 3], [2, 1, 50, 54, 99], [2, 2, 8, 12, 1], [1, 2, 30, 34, 2], [1, 2, 40, 42, 3], [1, 2, 57, 63, 99], [1, 3, 0, 6, 1], [1, 3, 18, 20, 2], [2, 3, 28, 30, 3], [2, 3, 42, 46, 99], [1, 4, 12, 16, 1], [1, 4, 22, 26, 2], [1, 4, 42, 48, 99], [2, 5, 20, 26, 1], [2, 5, 38, 42, 2], [2, 5, 58, 62, 99]]
-
EX62
[[2, 1, 24, 28, 1], [1, 1, 54, 56, 2], [2, 1, 67, 71, 3], [1, 1, 81, 85, 99], [2, 2, 8, 12, 1], [1, 2, 33, 35, 2], [2, 2, 55, 59, 3], [2, 2, 88, 92, 99], [1, 3, 12, 18, 1], [2, 3, 50, 52, 2], [2, 3, 86, 88, 3], [2, 3, 98, 102, 99], [1, 4, 0, 6, 1], [1, 4, 20, 22, 2], [1, 4, 50, 52, 3], [1, 4, 68, 72, 99], [1, 5, 28, 32, 1], [2, 5, 44, 48, 2], [1, 5, 66, 68, 3], [1, 5, 89, 93, 99], [2, 6, 0, 4, 1], [2, 6, 14, 18, 2], [2, 6, 32, 34, 3], [1, 6, 97, 101, 99]]
-
EX72
[[1, 1, 47, 51, 1], [2, 1, 60, 62, 2], [2, 1, 70, 74, 99], [1, 2, 28, 34, 1], [2, 2, 48, 52, 2], [1, 2, 65, 69, 99], [2, 3, 12, 18, 1], [2, 3, 28, 32, 2], [1, 3, 43, 47, 99], [1, 4, 0, 6, 1], [2, 4, 22, 24, 2], [2, 4, 32, 36, 99], [1, 5, 20, 24, 1], [2, 5, 40, 44, 2], [1, 5, 76, 82, 99], [2, 6, 0, 6, 1], [2, 6, 19, 21, 2], [1, 6, 41, 43, 3], [2, 6, 52, 56, 99], [1, 7, 12, 16, 1], [2, 7, 26, 28, 2], [1, 7, 37, 39, 3], [1, 7, 55, 61, 99], [2, 8, 36, 40, 1], [1, 8, 51, 53, 2], [2, 8, 66, 70, 3], [2, 8, 78, 82, 99]]
-
EX82
[[2, 1, 75, 81, 1], [1, 1, 93, 95, 2], [2, 1, 122, 124, 3], [1, 1, 142, 146, 99], [2, 2, 0, 6, 1], [1, 2, 18, 20, 2], [1, 2, 105, 107, 3], [1, 2, 125, 129, 99], [1, 3, 46, 52, 1], [1, 3, 70, 72, 2], [1, 3, 101, 103, 3], [2, 3, 124, 128, 99], [1, 4, 26, 32, 1], [1, 4, 52, 54, 2], [1, 4, 80, 82, 3], [1, 4, 107, 111, 99], [1, 5, 8, 12, 1], [1, 5, 38, 40, 2], [1, 5, 58, 60, 3], [1, 5, 140, 142, 4], [1, 5, 151, 155, 99], [1, 6, 0, 4, 1], [1, 6, 14, 16, 2], [1, 6, 32, 34, 3], [1, 6, 60, 62, 4], [2, 6, 71, 75, 99]]
-
EX92
[[1, 1, 20, 26, 1], [1, 1, 45, 49, 2], [1, 1, 71, 73, 3], [2, 1, 82, 86, 4], [1, 1, 95, 99, 99], [2, 2, 0, 6, 1], [1, 2, 26, 28, 2], [2, 2, 42, 46, 3], [1, 2, 77, 81, 99], [1, 3, 12, 16, 1], [1, 3, 37, 39, 2], [1, 3, 57, 61, 3], [2, 3, 86, 90, 99], [1, 4, 0, 6, 1], [1, 4, 39, 41, 2], [1, 4, 67, 69, 3], [1, 4, 85, 89, 99], [2, 5, 12, 18, 1], [2, 5, 36, 40, 2], [2, 5, 56, 58, 3], [1, 5, 73, 77, 4], [2, 5, 94, 98, 99]]
-
EX102
[[2, 1, 12, 16, 1], [1, 1, 27, 31, 2], [2, 1, 57, 59, 3], [2, 1, 76, 80, 4], [1, 1, 101, 105, 99], [2, 2, 33, 39, 1], [2, 2, 68, 70, 2], [2, 2, 86, 88, 3], [2, 2, 116, 120, 99], [1, 3, 8, 14, 1], [1, 3, 22, 24, 2], [1, 3, 44, 46, 3], [2, 3, 62, 64, 4], [1, 3, 121, 125, 99], [2, 4, 20, 26, 1], [1, 4, 89, 91, 2], [1, 4, 111, 113, 3], [2, 4, 125, 129, 99], [1, 5, 0, 4, 1], [1, 5, 18, 22, 2], [1, 5, 38, 40, 3], [1, 5, 58, 62, 99], [2, 6, 0, 6, 1], [1, 6, 25, 27, 2], [2, 6, 48, 52, 3], [2, 6, 70, 72, 4], [1, 6, 113, 117, 99]]
-
EX13
[[2, 1, 0, 2, 1], [2, 1, 10, 12, 2], [1, 1, 42, 48, 3], [1, 1, 60, 62, 99], [2, 2, 4, 6, 1], [1, 2, 30, 36, 2], [2, 2, 46, 52, 3], [2, 2, 70, 74, 99], [1, 3, 12, 16, 1], [2, 3, 30, 32, 2], [1, 3, 48, 52, 3], [1, 3, 72, 74, 99], [1, 4, 0, 2, 1], [1, 4, 18, 24, 2], [1, 4, 66, 70, 99], [1, 5, 4, 8, 1], [2, 5, 34, 40, 2], [2, 5, 55, 57, 99]]
-
EX23
[[2, 1, 0, 2, 1], [1, 1, 13, 17, 2], [1, 1, 35, 37, 99], [2, 2, 8, 12, 1], [1, 2, 28, 34, 2], [1, 2, 69, 71, 99], [2, 3, 16, 18, 1], [2, 3, 32, 38, 2], [2, 3, 67, 71, 99], [1, 4, 4, 8, 1], [2, 4, 20, 26, 2], [2, 4, 50, 52, 3], [1, 4, 65, 67, 99], [1, 5, 0, 2, 1], [1, 5, 42, 44, 2], [2, 5, 59, 65, 3], [2, 5, 77, 79, 99], [2, 6, 4, 6, 1], [1, 6, 22, 24, 2], [2, 6, 44, 50, 3], [1, 6, 75, 79, 99]]
-
EX33
[[2, 1, 12, 14, 1], [2, 1, 52, 58, 2], [2, 1, 73, 77, 99], [1, 2, 16, 20, 1], [2, 2, 42, 48, 2], [1, 2, 63, 65, 99], [1, 3, 30, 32, 1], [1, 3, 52, 54, 2], [1, 3, 69, 73, 99], [2, 4, 4, 8, 1], [1, 4, 26, 28, 2], [1, 4, 45, 47, 99], [2, 5, 0, 2, 1], [1, 5, 10, 12, 2], [2, 5, 28, 34, 3], [1, 5, 60, 62, 4], [1, 5, 80, 82, 99], [1, 6, 0, 4, 1], [2, 6, 16, 22, 2], [1, 6, 38, 40, 3], [2, 6, 48, 52, 4], [1, 6, 75, 77, 99]]
-
EX43
[[1, 1, 0, 2, 1], [1, 1, 13, 17, 2], [1, 1, 37, 39, 3], [1, 1, 63, 67, 99], [1, 2, 4, 8, 1], [2, 2, 21, 27, 2], [2, 2, 43, 49, 3], [1, 2, 57, 59, 99], [2, 3, 4, 8, 1], [2, 3, 15, 21, 2], [1, 3, 31, 37, 3], [1, 3, 49, 55, 4], [2, 3, 63, 67, 99], [1, 4, 19, 23, 1], [2, 4, 30, 36, 2], [1, 4, 45, 49, 3], [1, 4, 61, 63, 4], [1, 4, 71, 75, 99], [2, 5, 0, 2, 1], [2, 5, 11, 13, 2], [1, 5, 23, 29, 3], [2, 5, 37, 43, 4], [2, 5, 57, 63, 5], [2, 5, 71, 75, 99]]
-
EX53
[[1, 1, 18, 20, 1], [2, 1, 26, 28, 2], [2, 1, 41, 47, 3], [1, 1, 57, 59, 99], [1, 2, 0, 2, 1], [1, 2, 20, 26, 2], [2, 2, 34, 40, 3], [2, 2, 56, 60, 99], [2, 3, 4, 8, 1], [2, 3, 17, 19, 2], [1, 3, 36, 40, 3], [1, 3, 53, 55, 99], [2, 4, 0, 2, 1], [1, 4, 8, 14, 2], [1, 4, 42, 46, 99], [2, 5, 12, 16, 1], [1, 5, 26, 32, 2], [1, 5, 48, 50, 99]]
-
EX63
[[2, 1, 13, 15, 1], [1, 1, 40, 42, 2], [2, 1, 68, 74, 3], [1, 1, 81, 83, 99], [2, 2, 9, 11, 1], [2, 2, 31, 33, 2], [1, 2, 54, 60, 3], [1, 2, 74, 76, 99], [1, 3, 4, 8, 1], [1, 3, 42, 48, 2], [1, 3, 70, 72, 3], [1, 3, 90, 92, 99], [2, 4, 0, 4, 1], [1, 4, 24, 30, 2], [2, 4, 50, 52, 3], [1, 4, 61, 63, 99], [1, 5, 34, 36, 1], [2, 5, 56, 62, 2], [2, 5, 86, 88, 3], [1, 5, 98, 100, 99], [1, 6, 0, 2, 1], [1, 6, 12, 18, 2], [2, 6, 39, 41, 3], [1, 6, 94, 96, 99]]
-
EX73
[[2, 1, 8, 10, 1], [2, 1, 22, 26, 2], [2, 1, 38, 40, 99], [2, 2, 12, 16, 1], [2, 2, 32, 38, 2], [2, 2, 59, 61, 99], [2, 3, 44, 48, 1], [1, 3, 59, 65, 2], [1, 3, 72, 74, 99], [2, 4, 0, 4, 1], [1, 4, 32, 34, 2], [2, 4, 42, 44, 99], [1, 5, 0, 2, 1], [1, 5, 14, 20, 2], [1, 5, 49, 53, 99], [1, 6, 4, 8, 1], [1, 6, 26, 32, 2], [2, 6, 57, 59, 3], [1, 6, 65, 67, 99], [2, 7, 20, 22, 1], [1, 7, 38, 40, 2], [2, 7, 50, 56, 3], [2, 7, 70, 74, 99], [1, 8, 12, 14, 1], [2, 8, 30, 32, 2], [1, 8, 41, 47, 3], [2, 8, 63, 65, 99]]
-
EX83
[[1, 1, 58, 62, 1], [2, 1, 74, 80, 2], [2, 1, 103, 105, 3], [1, 1, 126, 128, 99], [2, 2, 0, 4, 1], [2, 2, 16, 22, 2], [2, 2, 43, 45, 3], [1, 2, 56, 58, 99], [1, 3, 78, 82, 1], [2, 3, 94, 100, 2], [1, 3, 124, 126, 3], [1, 3, 137, 139, 99], [1, 4, 0, 4, 1], [2, 4, 30, 36, 2], [1, 4, 74, 76, 3], [1, 4, 130, 132, 99], [1, 5, 66, 68, 1], [2, 5, 86, 88, 2], [2, 5, 115, 121, 3], [2, 5, 142, 144, 4], [2, 5, 153, 155, 99], [1, 6, 8, 10, 1], [2, 6, 28, 30, 2], [2, 6, 51, 57, 3], [2, 6, 107, 109, 4], [2, 6, 125, 127, 99]]
-
EX93
[[2, 1, 8, 12, 1], [2, 1, 45, 51, 2], [2, 1, 68, 70, 3], [2, 1, 80, 86, 4], [2, 1, 94, 96, 99], [1, 2, 0, 4, 1], [1, 2, 20, 26, 2], [2, 2, 37, 43, 3], [1, 2, 52, 54, 99], [1, 3, 8, 10, 1], [2, 3, 31, 33, 2], [2, 3, 55, 61, 3], [2, 3, 86, 88, 99], [2, 4, 0, 4, 1], [1, 4, 26, 32, 2], [1, 4, 65, 67, 3], [1, 4, 79, 81, 99], [1, 5, 12, 16, 1], [1, 5, 34, 40, 2], [1, 5, 56, 58, 3], [1, 5, 73, 79, 4], [1, 5, 88, 90, 99]]
-
EX103
[[2, 1, 8, 10, 1], [2, 1, 25, 31, 2], [2, 1, 68, 74, 3], [2, 1, 91, 97, 4], [1, 1, 115, 117, 99], [1, 2, 34, 38, 1], [2, 2, 62, 68, 2], [1, 2, 86, 88, 3], [2, 2, 125, 127, 99], [1, 3, 4, 8, 1], [1, 3, 24, 30, 2], [1, 3, 41, 43, 3], [1, 3, 60, 64, 4], [1, 3, 110, 112, 99], [1, 4, 12, 16, 1], [2, 4, 75, 81, 2], [1, 4, 106, 108, 3], [1, 4, 125, 127, 99], [1, 5, 0, 2, 1], [1, 5, 18, 24, 2], [2, 5, 40, 42, 3], [1, 5, 64, 66, 99], [2, 6, 0, 4, 1], [2, 6, 23, 25, 2], [1, 6, 46, 52, 3], [1, 6, 70, 72, 4], [1, 6, 119, 121, 99]]
-
EX14
[[2, 1, 0, 4, 1], [1, 1, 16, 20, 2], [2, 1, 56, 62, 3], [2, 1, 78, 92, 99], [2, 2, 8, 12, 1], [2, 2, 32, 38, 2], [2, 2, 50, 56, 3], [1, 2, 74, 82, 99], [2, 3, 16, 26, 1], [2, 3, 38, 44, 2], [1, 3, 52, 62, 3], [2, 3, 96, 100, 99], [1, 4, 36, 50, 1], [2, 4, 66, 72, 2], [1, 4, 92, 100, 99], [1, 5, 0, 10, 1], [1, 5, 26, 32, 2], [1, 5, 62, 66, 99]]
-
EX24
[[1, 1, 0, 4, 1], [1, 1, 34, 44, 2], [2, 1, 62, 76, 99], [2, 2, 0, 8, 1], [1, 2, 18, 24, 2], [1, 2, 44, 58, 99], [1, 3, 58, 62, 1], [2, 3, 80, 86, 2], [2, 3, 106, 116, 99], [1, 4, 8, 16, 1], [2, 4, 34, 40, 2], [2, 4, 56, 62, 3], [1, 4, 74, 88, 99], [2, 5, 24, 28, 1], [2, 5, 46, 50, 2], [1, 5, 66, 72, 3], [1, 5, 102, 116, 99], [2, 6, 16, 20, 1], [2, 6, 30, 34, 2], [2, 6, 50, 56, 3], [2, 6, 86, 96, 99]]
-
EX34
[[2, 1, 0, 4, 1], [2, 1, 65, 71, 2], [1, 1, 87, 97, 99], [1, 2, 0, 8, 1], [2, 2, 26, 32, 2], [2, 2, 47, 61, 99], [2, 3, 61, 65, 1], [2, 3, 88, 92, 2], [1, 3, 105, 113, 99], [1, 4, 16, 26, 1], [2, 4, 41, 47, 2], [1, 4, 63, 77, 99], [2, 5, 8, 12, 1], [1, 5, 32, 36, 2], [1, 5, 48, 54, 3], [2, 5, 72, 78, 4], [2, 5, 98, 112, 99], [2, 6, 16, 24, 1], [1, 6, 36, 42, 2], [1, 6, 57, 63, 3], [2, 6, 78, 88, 4], [2, 6, 116, 120, 99]]
-
EX44
[[2, 1, 53, 67, 1], [1, 1, 79, 89, 2], [1, 1, 107, 111, 3], [1, 1, 118, 126, 99], [2, 2, 0, 10, 1], [1, 2, 30, 36, 2], [1, 2, 51, 57, 3], [2, 2, 67, 81, 99], [1, 3, 8, 16, 1], [1, 3, 24, 30, 2], [2, 3, 43, 49, 3], [1, 3, 67, 73, 4], [2, 3, 95, 105, 99], [2, 4, 20, 28, 1], [1, 4, 38, 44, 2], [1, 4, 57, 67, 3], [2, 4, 85, 89, 4], [1, 4, 95, 103, 99], [1, 5, 0, 4, 1], [1, 5, 20, 24, 2], [2, 5, 31, 37, 3], [1, 5, 45, 51, 4], [2, 5, 89, 95, 5], [2, 5, 115, 125, 99]]
-
EX54
[[2, 1, 0, 4, 1], [1, 1, 16, 20, 2], [1, 1, 54, 60, 3], [1, 1, 72, 86, 99], [2, 2, 8, 12, 1], [2, 2, 32, 38, 2], [1, 2, 48, 54, 3], [2, 2, 69, 77, 99], [2, 3, 16, 26, 1], [2, 3, 38, 44, 2], [2, 3, 47, 57, 3], [1, 3, 90, 94, 99], [1, 4, 28, 42, 1], [1, 4, 60, 66, 2], [2, 4, 85, 93, 99], [1, 5, 0, 10, 1], [2, 5, 26, 32, 2], [2, 5, 57, 61, 99]]
-
EX64
[[2, 1, 8, 12, 1], [1, 1, 23, 27, 2], [1, 1, 45, 51, 3], [2, 1, 64, 78, 99], [1, 2, 16, 20, 1], [2, 2, 43, 47, 2], [1, 2, 73, 79, 3], [2, 2, 94, 108, 99], [1, 3, 0, 8, 1], [1, 3, 27, 33, 2], [2, 3, 58, 64, 3], [1, 3, 79, 93, 99], [2, 4, 30, 38, 1], [2, 4, 52, 58, 2], [2, 4, 88, 94, 3], [2, 4, 122, 136, 99], [1, 5, 65, 69, 1], [2, 5, 82, 88, 2], [1, 5, 104, 110, 3], [1, 5, 118, 132, 99], [2, 6, 0, 4, 1], [2, 6, 14, 20, 2], [1, 6, 33, 39, 3], [1, 6, 51, 65, 99]]
-
EX74
[[1, 1, 8, 12, 1], [1, 1, 32, 42, 2], [2, 1, 56, 70, 99], [2, 2, 70, 78, 1], [1, 2, 92, 98, 2], [2, 2, 110, 124, 99], [2, 3, 0, 8, 1], [2, 3, 24, 30, 2], [1, 3, 42, 56, 99], [1, 4, 16, 26, 1], [2, 4, 50, 56, 2], [1, 4, 70, 84, 99], [1, 5, 84, 88, 1], [2, 5, 98, 104, 2], [2, 5, 134, 144, 99], [1, 6, 56, 64, 1], [2, 6, 78, 84, 2], [2, 6, 104, 110, 3], [1, 6, 129, 143, 99], [1, 7, 0, 4, 1], [2, 7, 20, 24, 2], [2, 7, 44, 50, 3], [2, 7, 84, 94, 99], [2, 8, 16, 20, 1], [2, 8, 40, 44, 2], [1, 8, 64, 70, 3], [1, 8, 98, 112, 99]]
-
EX84
[[1, 1, 50, 58, 1], [2, 1, 75, 81, 2], [2, 1, 116, 122, 3], [1, 1, 133, 147, 99], [2, 2, 8, 16, 1], [1, 2, 58, 64, 2], [2, 2, 128, 134, 3], [2, 2, 152, 166, 99], [1, 3, 0, 8, 1], [2, 3, 20, 26, 2], [2, 3, 47, 53, 3], [1, 3, 71, 85, 99], [1, 4, 26, 34, 1], [2, 4, 59, 65, 2], [2, 4, 86, 92, 3], [1, 4, 105, 119, 99], [1, 5, 42, 46, 1], [2, 5, 71, 75, 2], [1, 5, 93, 99, 3], [2, 5, 146, 152, 4], [1, 5, 161, 175, 99], [2, 6, 0, 4, 1], [1, 6, 14, 18, 2], [2, 6, 34, 40, 3], [1, 6, 65, 71, 4], [2, 6, 92, 106, 99]]
-
EX94
[[1, 1, 20, 30, 1], [2, 1, 39, 45, 2], [1, 1, 59, 63, 3], [2, 1, 86, 92, 4], [2, 1, 122, 136, 99], [1, 2, 0, 10, 1], [1, 2, 30, 36, 2], [2, 2, 49, 55, 3], [2, 2, 64, 78, 99], [2, 3, 16, 20, 1], [1, 3, 41, 45, 2], [1, 3, 65, 71, 3], [1, 3, 83, 97, 99], [2, 4, 0, 8, 1], [1, 4, 45, 51, 2], [1, 4, 77, 83, 3], [2, 4, 94, 108, 99], [2, 5, 24, 34, 1], [1, 5, 53, 59, 2], [2, 5, 82, 86, 3], [1, 5, 105, 111, 4], [1, 5, 120, 134, 99]]
-
EX104
[[2, 1, 16, 20, 1], [2, 1, 36, 42, 2], [2, 1, 61, 67, 3], [1, 1, 95, 101, 4], [2, 1, 118, 132, 99], [2, 2, 0, 8, 1], [2, 2, 55, 61, 2], [2, 2, 81, 87, 3], [1, 2, 101, 115, 99], [1, 3, 8, 18, 1], [2, 3, 26, 32, 2], [1, 3, 43, 47, 3], [1, 3, 63, 73, 4], [2, 3, 87, 101, 99], [1, 4, 51, 59, 1], [2, 4, 75, 81, 2], [2, 4, 111, 117, 3], [2, 4, 146, 160, 99], [1, 5, 0, 4, 1], [2, 5, 20, 26, 2], [2, 5, 43, 49, 3], [1, 5, 73, 87, 99], [1, 6, 28, 36, 1], [2, 6, 67, 71, 2], [2, 6, 105, 111, 3], [1, 6, 125, 131, 4], [1, 6, 146, 160, 99]]
-
